encog,BasicNetwork,java,3.3.0,1,1459261219249
[BASIC]
[BASIC:PARAMS]
[BASIC:NETWORK]
beginTraining=0
connectionLimit=0
contextTargetOffset=0,0,0
contextTargetSize=0,0,0
endTraining=2
hasContext=f
inputCount=8
layerCounts=7,5,9
layerFeedCounts=7,4,8
layerContextCount=0,0,0
layerIndex=0,7,12
output=-0.9990223366,-0.9898993918,-0.9999990492,0.9769477684,-0.9999793629,-0.9999945569,-0.9999987182,0.9692003492,0.9893345285,-0.993446277,0.9669728594,1,-1,-1,-1,-1,-1,-1,1,-0.001267789,1
outputCount=7
weightIndex=0,35,71
weights=-0.9415482436,-4.9855374039,-3.926959496,-1.3554696816,-0.5571093784,-3.9800958442,0.1438709208,-1.1595922434,0.546237355,-0.6066373402,3.0377134866,0.0265594574,0.1319400041,-5.1763366756,-5.1135068104,2.4635513398,-2.6847219407,-0.5097891644,5.3191264971,-3.1557123972,-1.497733838,-0.1220968375,1.2901724252,-1.116254667,-1.8072741719,-1.9011500995,-0.5598037801,1.3295513451,-1.1187704734,-1.6080646564,-2.3472482692,-0.7483127028,1.5249460806,-1.5179967346,-1.1320957831,0.7359344645,-1.0103130432,-1.5469626026,-0.5204839327,0.3389158988,0.3007728662,0.4761901034,-0.1115654499,-0.0995281568,-1.7231575758,-0.2840489216,-0.8960235965,-0.4603542749,0.096444801,0.4152331029,-1.0968650274,2.9578265922,0.8629804094,-0.3119113146,0.1960803297,0.5655105785,1.917201607,0.5483974241,0.7877610923,0.0647792694,-6.5400186913,0.7711756195,-1.3386720096,0.2632474731,0.2524908604,-1.3512719277,0.0456653534,-0.1132010999,-0.0047790093,-1.2220809617,-0.1950510045
biasActivation=0,1,1
[BASIC:ACTIVATION]
"org.encog.engine.network.activation.ActivationTANH"
"org.encog.engine.network.activation.ActivationTANH"
"org.encog.engine.network.activation.ActivationLinear"
