encog,BasicNetwork,java,3.3.0,1,1459261892671
[BASIC]
[BASIC:PARAMS]
[BASIC:NETWORK]
beginTraining=0
connectionLimit=0
contextTargetOffset=0,0,0
contextTargetSize=0,0,0
endTraining=2
hasContext=f
inputCount=3
layerCounts=2,8,4
layerFeedCounts=2,7,3
layerContextCount=0,0,0
layerIndex=0,2,10
output=0.8591898739,-0.8923145277,-0.3477612429,-0.3171626501,1,-0.6425237148,-0.0472220423,-0.3228274825,0.4084988817,1,0.997086699,-0.9955513926,0.3333333333,1
outputCount=2
weightIndex=0,16,44
weights=-2.1155823546,0.6647220492,-0.2597622522,-0.3900456129,0.0204482884,-2.0858781698,-0.4129288825,0.2707658324,2.8849673807,-1.1039593283,-1.3537709615,-0.4518498126,0.129629964,0.1603812885,0.8304592265,0.0020764849,-0.7943533868,-0.7816841497,1.456607544,-0.8345981303,-0.3343945412,0.8328117734,-0.1858788483,0.8959976341,-0.5965988837,0.883457674,130.651805188,-2.4134901152,0.134676551,0.0780418123,-0.5496471504,-0.6358339278,0.1291990303,-0.5863117668,-0.2190261975,-0.6867745879,-0.8737884401,0.810044481,1.1951902711,0.9444866405,-0.9666229057,-0.9384314867,0.1399608138,0.4167045737
biasActivation=0,1,1
[BASIC:ACTIVATION]
"org.encog.engine.network.activation.ActivationTANH"
"org.encog.engine.network.activation.ActivationTANH"
"org.encog.engine.network.activation.ActivationLinear"
